101011000000110101001100000011 2
10010110010101100010010001110 2
365532015 8
1000010011011000010011011111 2
1F300946 16
403693800 10
5306233767 8
10010111000111100000100001110 2
502995313 10
6303604230 8
507684643 10
295153331 10
110001110000010011011000011110 2
546309726 10
12485CF8 16
100010111111100010111010000000 2
614472257 8
10100101110110010000011010011 2
101101111111000110101111110100 2
2756105140 8
101010010011101100111110100111 2
1110111110001001100100000010 2
22153127 8
567712485 10
2CFB9783 16
9B4315D 16
6130746763 8
171492025 10
393291A0 16
26BD931C 16
1254175706 8
449143840 10
11001111100011001001100111111 2
4456331711 8
6454460554 8
556772135 8
95645CD 16
3137310120 8
11110101100100110101010110101 2
295821935 10
100011001110001110110011011011 2
945913694 10
179951621 10
11101001000000101000101011000 2
6622321104 8
111011011100010011101100111011 2
3537DF6 16
2ABE62B9 16
3724745061 8
100001101101111011010100100100 2
10010001000011001110011100111 2
567387435 10
431270854 10
466512737 10
1011001101000110001010001011 2
954445589 10
ACC743E 16
27823EE1 16
999018926 10
161746560 10
2105332535 8
111001111010110011000011001111 2
5325165607 8
651043777 10
110001100011111001111111111 2
6543065035 8
8E82B3D 16
723531119 10
4527654536 8
1DA147AE 16
320664626 10
17BC68D4 16
2730D0CC 16
100000101110000001111101100110 2
100011100101110000000001100101 2
1751504562 8
1308337E 16
6421235344 8
237762325 10
518530800 10
29EAA743 16
198257620 10
10010000111011010010110111000 2
5848598 10
53766014 10
1973D8D6 16
664744156 8
152171776 8
100100011110101000001110100110 2
1821945D 16
5572307650 8
639719813 10
3332537B 16
5045344323 8
2110414500 8
10100110111111011011110101101 2
110111011100011110111111110101 2
4514537275 8
6002136350 8
2281E80E 16
10BECA5B 16
7042350654 8
11000100100100001101010000010 2
496576450 10
153837775 10
110000001000001100101110111110 2
10011100110100011110000100000 2
1001001111100111111011000101 2
858087678 10
3881A75B 16
10101111001010001001010000001 2
39916FEA 16
629920479 10
EF13793 16
3102460022 8
6410314245 8
1102660710 8
27A9AF69 16
289374805 10
251599985 10
111010011111010100100000011011 2
2D27B72F 16
5027754756 8
2FED0C9F 16
28458F1C 16
4723624657 8
285AFED4 16
37CB9FC1 16
5024341142 8
306D2E08 16
1562130731 8
930930010 10
10110111001100011001101100000 2
451325475 8
4212402045 8
11111101100100111111000110111 2
2070266026 8
11110001101010000001010101100 2
336534016 8
110111110100101110011100001000 2
2C7D3115 16
653530386 10
11011011000011100110100101110 2
77805121 10
11001101111000001010101110100 2
101100100001000101111100001001 2
310EFEB9 16
7062160436 8
4663616762 8
2597F738 16
648467981 10
111010111010111010100111111000 2
2165535067 8
11010100111100011101100001001 2
475435545 10
3264427114 8
101101000000000001110111000101 2
1011001110101100100000001111 2
2770D121 16
850681124 10
195094335 10
110101100010011001011101100101 2
159480456 10
1001001011011111010010001100 2
635462330 10
556288655 10
544553721 8
2710340406 8
6472177021 8
1776274367 8
10011100111110100010000111110 2
10010000100101011110010100000 2
10111001000000110111010101110 2
2CFB52BD 16
100101101000110110000110101110 2
123A9A71 16
198799267 10
413E380 16
362EE04C 16
10110100001100000001100100001 2
D32BB80 16
DA853C2 16
11F7411 16
D3FE1D 16
100111111011001110100000001001 2
1010010111111110111011001011 2
2373625436 8
10111111101001110111111000001 2
2376425261 8
685322018 10
10011000011001000111100100010 2
101101100010101100111100101110 2
100001110111110001001100111100 2
554073610 8
493211815 10
2762406466 8
1001111010100110010110101101 2
774365267 10
1768E5DB 16
756396295 10
5255432053 8
26D82FA1 16
32D88D2C 16
5403432713 8
1000011011001110101001101 2
3602DE0C 16
11001110111000100011011001011 2
153753623 8
3706251037 8
6063453252 8
34684342 10
155983517 10
3560760573 8
5070066203 8
252269457 10
506722846 10
412332837 10
5441515114 8
213C7BF7 16
24EF546 16
100000001111001111000111010010 2
564872501 10
1B81781F 16
11011110110010010000001111100 2
896700604 10
100010100010000000011010001001 2
2E8A695D 16
100010010110101101011100111011 2
100010110001001010001010000000 2
10001100010000000010111010001 2
10001001110011010001000011110 2
8863D36 16
110100010011111110100000010 2
612379900 10
100100110111000110110011111100 2
110000001110110100001101111 2
733214785 10
1100100001110010101001011011 2
6771645054 8
699309026 10
363691015 10
2610527672 8
380811551 10
769029316 10
7041730056 8
2217212531 8
111001000000001011110010000001 2
5600115170 8
3037307037 8
A4EC915 16
4546706025 8
100111101111011110000111101111 2
562076374 10
2506155537 8
7FF9F22 16
3B26B090 16
1001110111100110101000000100 2
988766907 10
A3F5601 16
130268905 10
4511355377 8
111010100000101000100011011 2
458442006 10
3817DD65 16
3173244510 8
101001010000010000110100001000 2
11010011011101011110010011100 2
100001011101000001001001111010 2
111000001100000111011101011000 2
34723091 10
398461600 10
103753207 10
1000000100001011100100011000 2
1D8CDE9F 16
D7D32B1 16
706669892 10
100001100010010100100010110111 2
78B874C 16
1011100001011110011001000001 2
11110001101011011111001001110 2
11011110101100111101110000101 2
4521171242 8
7142216551 8
1389A7BE 16
11011111110100011011111111110 2
110110101001000010001011111001 2
3172000152 8
2C1C9CA6 16
8DDE6AE 16
267E4BC4 16
264928BC 16
11101111001110100111010011001 2
131778612 10
3116077130 8
747633192 10
10101001001011111010000001100 2
7125147461 8
854878739 10
944227716 10
3752614030 8
6163335407 8
1388FF30 16
101000000001000101101111111100 2
860037133 10
171991783 10
E38D8DD 16
143D0869 16
507809159 10
101000001111110111011000010 2
327212424 10
432037533 8
10101011100011100111001010111 2
406783056 10
10011111111101000111100000001 2
1370250634 8
1F8DAC2A 16
53211515 8
101100001000100111101110100010 2
32A773AC 16
5354100107 8
2260777330 8
240B8A58 16
418758366 10
11000011111010100000011111111 2
20575902 16
3465323572 8
10111001100100100111000101010 2
761715048 10
10474639 10
1001111011010101000011110110 2
10100001101000101001011010001 2
1366231723 8
2714110403 8
100010010110100101110010010000 2
2C04FD5E 16
852850248 10
3425637005 8
10010101111001110000111011101 2
19B1BB 16
153430123 8
110110000001100100110011101000 2
22C12281 16
101001011110111101001011111100 2
23102304 8
1E39FF46 16
1142745501 8
104917179 10
23C86097 16
693289817 10
996903490 10
1622171562 8
11100101100011000100110001111 2
6757057651 8
111011011110010001100001010 2
3584509D 16
32ACCD46 16
101100110100100110001011111010 2
3325770606 8
5730254211 8
24BE6737 16
2E0A34C1 16
5664607412 8
998762989 10
16CC8C43 16
2631433465 8
526106133 10
2342021656 8
100010011110101010010011000010 2
876181280 10
11010001101001010001101111011 2
3400472316 8
331678429 10
315381065 10
743532721 8
484CB32 16
1B3C2E63 16
2D810C2E 16
656186660 10
633523706 10
3707555413 8
2946894C 16
646E04A 16
110010000000010111110011010100 2
3357334676 8
3517644052 8
481475245 10
6262765761 8
17E6E4F9 16
36215CA9 16
30783187 10
1D40CB12 16
11100001000000110111110101110 2
11110101110001011000110000001 2
100001111010011011101111110 2
101111111000000010101111000000 2
11100001101111100100010101110 2
960232949 10
185712156 10
576199106 10
398420640 10
164D6304 16
2DA7F158 16
9C8A849 16
1EFB794D 16
6103126473 8
193587044 10
5304421407 8
1307EC8D 16
461376442 10
5103213227 8
10110100000110100100010011 2
110011101110111101010110001000 2
F9C642B 16
233846644 10
394506439 10
100010000000001110111111111110 2
363EFA21 16
127E3F02 16
720666404 10
4162053544 8
3747423502 8
26F2715C 16
902609212 10
2E31C2FB 16
4724766333 8
813666965 10
426830530 10
110000011111000100111111010000 2
949730048 10
100110001100001010000111011010 2
4325251641 8
937393188 10
6564573760 8
696573031 10
750436733 10
1111011100000101001101010101 2
11011011100010110110111100110 2
704685576 10
19603E52 16
11100000000010101010111111111 2
455059348 10
100101101011110111001110010 2
100001011010000110101110100111 2
6636741050 8
5017656775 8
4111732433 8
41D45E3 16
100110110100100111011101011010 2
575173756 10
110110100000011111101110110110 2
46934024 10
635380749 10
39C992E5 16
1100011000010011010010001011 2
2314303503 8
275B6B81 16
278809870 10
11010001001110111110100110100 2
310560530 8
101110000100010111111010000011 2
750946675 10
669861391 10
163741139 10
2F9E3B53 16
7124614333 8
4743151150 8
1276056532 8
340F0AA4 16
101111101001010010110001100 2
6130625320 8
69D6BB6 16
592616676 10
3450661434 8
101100111011111010110010001010 2
242CB92C 16
10011111000101011001101101000 2
398B276D 16
312336365 8
233A8324 16
96AC755 16
6056722253 8
62287951 10
18FFEBC6 16
100001011111100000100110011111 2
571839550 10
101110110101111110111111000110 2
110001000111000111110000 2
9692020 16
110000111011011011000000101010 2
63596116 10
5443645650 8
10001100110001110010111001111 2
1740704502 8
630065814 10
2E44FA2E 16
411737272 10
1747032703 8
1111000100110000110010010000 2
2440100602 8
215601586 10
742073751 8
11001000100000001101110000010 2
4224663436 8
396441840 10
1000001110010101100100001011 2
626659275 10
26E53D60 16
2B58A8AB 16
1100010111001001111010000001 2
236B6F40 16
11A073F2 16
6567471443 8
353921158 10
35EF1AC8 16
10000110111100111000111011 2
100110110000101110001001100111 2
67520438 10
4126072121 8
100101100001011111000100110010 2
268932057 10
111000110110111011000010101101 2
22655F81 16
4170013342 8
12FCA2A7 16
1356534603 8
B9A80B2 16
526516268 10
166F635 16
727593593 10
3953EF04 16
100001101100101101100100010101 2
6DCE024 16
200207769 10
1111110011000000111000110011 2
242395147 10
622774143 10
5471121235 8
249334541 10
11000101111100100001100100011 2
138680962 10
276791836 10
2CF97F6D 16
2340566073 8
38C4CF8D 16
34DB2FD5 16
592827696 10
991784987 10
100001100001011011111011101110 2
7333725222 8
955688868 10
35EBE407 16
7322314500 8
2FEF282 16
3AEC03D8 16
35545D31 16
683732158 10
1B4DE69 16
100101110100011000001000101010 2
10111001001110111001001010000 2
34BFB043 16
6753316401 8
173002724 10
110631604 8
6176256123 8
932203336 10
261535949 10
111001001110001011100101101010 2
25A6F977 16
97806898 10
886084012 10
6541576653 8
32DC4924 16
2667572031 8
4062415555 8
1305631662 8
11011110110010101101010111000 2
346027BD 16
868751385 10
11011000101100110110011101010 2
3611450447 8
2B36079D 16
11010010101100101010100100101 2
303595607 10
4453330457 8
225797338 10
257012068 10
101000010100101001010110110011 2
100111011111101010111101 2
FCB8B0B 16
236976712 10
31FB3322 16
250F23B7 16
125237744 10
578276110 10
813852525 10
1EDD28CB 16
950548164 10
539058738 10
100001111010100010101001111111 2
172232165 10
39ADF9B9 16
1E001ED6 16
10011111100100000001101011110 2
227314377 8
3A8FF1ED 16
340345209 10
7C7EC4E 16
516648828 10
16ED9605 16
630144543 8
6202522462 8
928611026 10
663561086 10
195D5FF5 16
1A6F891F 16
986767346 10
101000100101011110111010100001 2
5317163075 8
874162817 10
101001000001110011111001111100 2
2077542475 8
10100011001110111100000111111 2
512225266 8
248009590 10
36B42601 16
10000101111100001101001100011 2
7236334612 8
938979369 10
3A811F1 16
779985502 10
3B51A94D 16
288AC153 16
884740545 10
5567051362 8
984420631 10
47025474 8
738252713 10
976867918 10
3111250565 8
1049EA98 16
5961D96 16
11100101000101001011100110000 2
110010111010100011001000111011 2
101110010000110001001100001010 2
7341236170 8
216F4355 16
5751501771 8
253188762 10
294713944 10
11011100101011011010101000111 2
395F536F 16
1D0C0DF8 16
110111000100001010101010001110 2
2516360026 8
11111100011000010000100000101 2
6113667010 8
565665220 10
111001010001110000011100100111 2
1451664476 8
1646341261 8
145E5836 16
59E4257 16
780289176 10
11000100110001100101111001010 2
735017513 10
100111011101000110010101100011 2
181562294 10
79708C8 16
2B6CCA21 16
3532116614 8
203782430 10
10010111011110010111110001011 2
4225673350 8
890971695 10
11000100001100111000111010110 2
111010010100000101011111001110 2
4615311754 8
111010100011011010001011110100 2
27695B7F 16
11111010101010100000011001001 2
14007929 16
BEA7EAA 16
6601206000 8
15A23A6A 16
979437433 10
193307305 10
10111111001100010011011011111 2
127441117 8
1650116531 8
100010010001111111110111101000 2
101001111010010011111110010 2
698110872 10
1101101101001111001011000000 2
5570751472 8
4762642764 8
6170112123 8
361436042 10
452700710 8
110010111100011000010110011110 2
5674512321 8
742228664 10
4744052302 8
215004710 8
101101011000011100101010000111 2
459176418 10
4603375474 8
35F9619E 16
399894688 10
123410487 10
910915308 10
18C58535 16
11011100011100010010101010100 2
10001010100110000010000011111 2
100101000101011001101100110 2
44023473 8
4364102373 8
1A7826BD 16
1001111101100011000011101101 2
5104205420 8
4241022466 8
1A7AB10F 16
263820501 10
101101000111110110011001000011 2
6F4F9F9 16
1010001001011000001111100 2
5477022340 8
1C64A036 16
6051714555 8
11001110110011111011010011100 2
3527610143 8
685682903 10
1232456337 8
2746037125 8
399C1834 16
157057090 10
3519AF2 16
215306886 10
2747260423 8
7257326013 8
1001101010101010001100111 2
10001011001001101111110110111 2
614308800 10
1721474553 8
4434707240 8
663033046 8
3775461755 8
296333748 10
25F9F028 16
12DDA38F 16
336B1A7F 16
3681596B 16
633692C 16
11B8223D 16
7151423735 8
100100101011110101110011001001 2
798502940 10
110010110101010100001111110 2
2173742206 8
3AFF68C 16
1100111110111000101101000100 2
23A0AAF 16
198409422 10
1374105007 8
463613720 10
145EF8C4 16
301518551 10
1F87C669 16
5405657304 8
80006959 10
14F6F215 16
1001100011111000101101000 2
592160821 10
101101011010000101101001001 2
1DB6C694 16
7B3B884 16
3623834D 16
82432B4 16
11001111101100100001011111011 2
5122607646 8
4075103137 8
10110001011101001011101001000 2
10000100001101110100110010001 2
100111111110100010110000110000 2
4472516652 8
3B3D6241 16
2D2FFFB2 16
2781B109 16
10000000001010110111100011100 2
1C1F0B0F 16
228A1D0 16
11100010010010101110001111101 2
3763425352 8
462041323 10
71DFADE 16
10000110000010011010100011 2
274819474 10
5130724530 8
5412061723 8
158329153 10
195983804 10